speed -10  0 25 50 75 100 125 150 200 250 320
speed -10  5 30 55 80 105 130 160 210 260 320
speed -10 10 35 60 85 110 135 170 220 270 320
speed -10 15 40 65 90 115 140 180 230 280 320
speed -10 20 45 70 95 120 145 190 240 290 320

pos -2 -0.90 -0.65 -0.4  -0.15 0.1  0.35 0.60 0.85 2
pos -2 -0.85 -0.60 -0.35 -0.1  0.15 0.40 0.65 0.90 2
pos -2 -0.80 -0.55 -0.3  -0.05 0.2  0.45 0.70 0.90 2
pos -2 -0.75 -0.50 -0.25  0.0  0.25 0.50 0.75 0.90 2
pos -2 -0.70 -0.45 -0.2   0.05 0.3  0.55 0.80 0.90 2

angle -2 -0.90 -0.65 -0.4  -0.15 0.1  0.35 0.60 0.85 2
angle -2 -0.85 -0.60 -0.35 -0.1  0.15 0.40 0.65 0.90 2
angle -2 -0.80 -0.55 -0.3  -0.05 0.2  0.45 0.70 0.90 2
angle -2 -0.75 -0.50 -0.25  0.0  0.25 0.50 0.75 0.90 2
angle -2 -0.70 -0.45 -0.2   0.05 0.3  0.55 0.80 0.90 2


dist -1	0.025	0.04	0.05	0.15	0.2		0.3		0.4		0.5		0.65	2
dist -1	0.03	0.05	0.1		0.175	0.225	0.35	0.45	0.55	0.7		2
dist -1	0.045	0.075	0.125	0.2		0.25	0.375	0.5		0.6		0.75	2
dist -1	0.06	0.1		0.15	0.225	0.275	0.4		0.55	0.65	0.8		2
dist -1	0.07	0.125	0.175	0.25	0.3		0.45	0.6		0.7		0.85	2
