speed -10  0  50 120 180 320
speed -10  10 60 130 200 320
speed -10  20 70 140 220 320
speed -10  30 80 150 240 320
speed -10  40 90 160 260 320

pos -2 -0.8 -0.3  0.0 0.4 2
pos -2 -0.7 -0.2 0.05 0.5 2
pos -2 -0.6 -0.15 0.1 0.6 2
pos -2 -0.5 -0.1  0.2 0.7 2
pos -2 -0.4 -0.05 0.3 0.9 2

angle -2 -0.8 -0.3  0.0 0.4 2
angle -2 -0.7 -0.2 0.05 0.5 2
angle -2 -0.6 -0.15 0.1 0.6 2
angle -2 -0.5 -0.1  0.2 0.7 2
angle -2 -0.4 -0.05 0.3 0.9 2


dist -1	10 50 110 150 200
dist -1	20 60 120 160 200
dist -1	30 70 130 170 200
dist -1	40 80 140 180 200
dist -1	50 90 150 190 200
